384773, 897965, 254721, 312148, 836900, 170790, 407976, 668549, 23326, 497137, 682723, 312642, 712525, 883549, 643208, 771807, 500148, 836512, 618495, 480265, 709786, 205232, 970918, 295262, 397238, 243311, 535799,
897760, 272547, 652331, 80505, 654433, 453612, 594410, 422374, 840279, 613944, 761184, 630771, 392121, 422156, 176950, 514285, 148306, 33069, 999298, 639900, 922422, 628252, 342066, 980994, 346503, 399445, 605405, 
64210, 80590, 842467, 251200, 578312, 369279, 99516, 486330, 594146, 728178, 913815, 379042, 680650, 675472, 312391, 573486, 536918, 86053, 86752, 722561, 442970, 922490, 215563, 251494, 622011, 100237, 943899, 429431, 
294763, 745459, 319168, 421021, 506957, 922989, 982528, 72792, 75854, 967009, 724099, 611726, 674031, 524584, 16298, 373657, 193443, 701829, 326833, 170522, 194552, 354015, 75382, 452054, 134523, 669165, 299200, 258632, 
985811, 393519, 103277, 270203, 730325, 284360, 395356, 675723, 851325, 31564, 757679, 300640, 667532, 171471, 694288, 725830, 225033, 686634, 621347, 388951, 666346, 557603, 684588, 307162, 418239, 831253, 85647, 746607, 
627040, 452771, 858365, 108044, 179289, 271054, 986835, 174422, 926642, 970119, 197847, 636596, 572208, 26605, 262560, 9658, 640796, 100473, 709279, 89345, 776098, 243706, 
941077, 451950, 936035, 982825, 73759, 830373, 936273, 170608, 389810, 242623, 962830, 380933, 653794, 867948, 496945, 6259, 631970, 396330, 828726, 77867, 138244, 71232, 57456, 939869, 293778, 76346, 711909, 377940, 969853, 
591504, 21006, 991138, 284102, 973880, 146877, 618827, 49454, 404469, 258092, 941791, 133784, 565090, 495475, 921922, 387843, 631786, 286239, 579445, 528850, 873210, 201284, 763990, 172452, 36584, 650185, 
797366, 186549, 375708, 262921, 941817, 904065, 781013, 42139, 317517, 531068, 924246, 501409, 204576, 9336, 889929, 457758, 121408, 994395, 385010, 667523, 498093, 466623, 374426, 42260, 615479, 303616, 478699, 786959, 594800, 
232401, 738380, 584912, 8131, 309524, 431913, 981561, 117548, 372294, 63219, 8385, 398157, 62925, 266564, 993382, 449824, 360801, 67459, 306818, 117856, 928372, 108782, 6390, 34250, 409339, 912271, 35419, 41453, 613660, 1986, 
548952, 325193, 468551, 88466, 104475, 678329, 262980, 737734, 427465, 137496, 641487, 996681, 468168, 650302, 405006, 951742, 499303, 297771, 665643, 921480, 359708, 792999, 22000, 351370, 816807, 214375, 575014, 386232, 728069, 
544467, 911835, 744582, 816762, 42849, 992516, 30469, 699507, 601609, 874445, 93751, 955923, 867863, 563594, 170922, 697247, 599544, 967092, 405413, 552494, 177548, 146226, 419744, 171762, 475600, 478426, 993720, 817041, 16518, 
999651, 718650, 812487, 90673, 186452, 859505, 137942, 235575, 147921, 313204, 245624, 206885, 846714, 165492, 41553, 486731, 764438, 29079, 801903, 404655, 237220, 506933, 195576, 816654, 742056, 504705, 16345, 404603, 14240, 
955624, 651518, 760026, 664004, 200785, 631758, 917018, 220013, 857063, 580672, 928949, 717743, 710460, 390963, 379890, 984626, 29279, 760607, 210718, 
807658, 654094, 210679, 736614, 505081, 144819, 587170, 983773, 838178, 203154, 435264, 824605, 949199, 605027, 659751, 524942, 82868, 444838, 33301, 435746, 549255, 909809, 877415, 289668, 372364, 881525, 748247, 683607, 948797, 
479653, 135079, 926483, 650812, 416544, 577382, 482555, 296838, 222594, 251859, 968954, 816282, 151933, 87657, 493723, 738937, 508076, 970360, 264159, 180634, 207937, 372698, 352785, 638406, 233718, 88697, 515290, 495560, 451171, 
198662, 213704, 718693, 554385, 451165, 577190, 761093, 832451, 971230, 128481, 332125, 806044, 294268, 510806, 6554, 699798, 438095, 328388, 818004, 741118, 220308, 996, 394504, 402817, 292350, 114166, 359756, 898098, 786255, 
79817, 727900, 893630, 875094, 776556, 317981, 89417, 440452, 490847, 546356, 803128, 543371, 978591, 624516, 631281, 580206, 897060, 35987, 871666, 977415, 529713, 516307, 
304648, 34132, 840077, 297509, 380449, 250157, 325115, 484673, 168861, 948128, 510940, 515872, 931824, 148167, 677015, 123617, 910239, 614411, 322122, 505420, 625593, 578568, 472144, 472353, 478689, 265492, 880896, 
656724, 776039, 954390, 142431, 599429, 594276, 422910, 341068, 993575, 216819, 680272, 976603, 323546, 850043, 433954, 42420, 180055, 494707, 983631, 542169, 848271, 527081, 452468, 169050, 194116, 596157, 690223, 
676162, 826420, 373626, 180484, 939534, 386026, 108018, 851844, 353477, 461094, 657766, 126498, 348777, 160188, 879540, 872693, 161914, 388174, 945261, 973248, 821626, 61494, 931435, 196463, 423100, 830099, 672865, 
836150, 33814, 5162, 567418, 328294, 883415, 287305, 232718, 42421, 485432, 692021, 26989, 761361, 105962, 360411, 493819, 321663, 832926, 725741, 886701, 885705, 935864, 741351, 361840, 829113, 801208, 184294, 464010,
590105, 6314, 422838, 617283, 255154, 107034, 88075, 74464, 514153, 574668, 530900, 549051, 103071, 889528, 54064, 421408, 838860, 629230, 142365, 499516, 454251, 648551, 913815, 932945, 744079, 240907, 100527, 
584001, 16344, 896601, 325000, 797537, 609060, 959729, 286784, 374004, 126433, 327280, 498257, 280063, 486979, 105342, 236819, 68622, 110543, 81089, 293155, 160006, 542461, 954040, 320476, 796656, 957105, 416603, 686409,
890711, 517670, 570149, 112086, 513071, 942491, 879750, 614669, 454044, 34726, 438521, 376587, 472637, 481189, 36056, 719598, 90294, 349699, 124188, 832253, 440655, 499004, 692625, 417448, 75444, 85163, 791594, 528473, 560215,
166299, 328082, 537964, 627124, 36501, 40323, 986051, 475215, 461928, 97441, 670582, 728477, 992231, 408660, 64832, 816172, 306417, 958930, 679154, 57439, 875222, 899043, 479245, 435696, 59431, 532430, 329062, 637967, 13047, 522579, 
943931, 602198, 445450, 696561, 878069, 491665, 485991, 866320, 857898, 610700, 897087, 770277, 962342, 755728, 751999, 972356, 256911, 826582, 462783, 92184, 6817, 297904, 637180, 530732, 391064, 513509, 601528, 521535, 398646, 483331, 
806639, 934001, 664200, 698264, 103354, 403562, 835856, 902745, 178213, 671873, 918999, 566722, 743275, 109770, 652969, 78252, 556767, 91963, 584208, 598895, 62518, 316023, 717550, 804533, 706765, 809069, 659207, 794086, 267413, 670964, 
627408, 555496, 250357, 663499, 754143, 81463, 698368, 793863, 883501, 608679, 305717, 273933, 724459, 465806, 200215, 30255, 86397, 5602, 531770, 32384, 732854, 495641, 476178, 559832, 186107, 876209, 871003, 567806, 40930, 501297, 66284, 
311784, 172104, 374609, 947643, 492070, 285149, 247541, 923362, 511727, 701508, 68607, 1196, 946844, 900258, 94211, 674330, 282123, 248861, 62581, 364977, 499766, 183789, 389960, 376977, 269968, 380882, 578469, 71482, 946906, 364746, 599956, 
883761, 279942, 414841, 547123, 11288, 896036, 583111, 536471, 958855, 71570, 327635, 891314, 769651, 73168, 857773, 629673, 302467, 661412, 444697, 443460, 460606, 475487, 708584, 663269, 674731, 71619, 490251, 877987, 24214, 966673, 136689, 
201151, 494882, 3248, 839027, 441533, 949724, 252062, 882703, 980256, 857821, 137709, 118532, 70251, 367274, 13660, 726813, 541530, 687581, 306395, 248678, 753604, 317988, 840961, 853591, 997192, 108468, 699918, 162540, 312818, 503883, 219201, 
645854, 432334, 997242, 957813, 684505, 397663, 30101, 782143, 700803, 667923, 985045, 647567, 461231, 543449, 51440, 518474, 126407, 486014, 664748, 162843, 477455, 632870, 829713, 273446, 627351, 499612, 21782, 622520, 324797, 97279, 867847, 
103176, 229710, 507465, 806607, 737343, 326276, 656726, 689299, 960009, 545765, 602277, 816371, 565683, 88369, 625154, 767254, 565394, 170640, 54815, 365873, 705186, 136934, 738471, 58375, 424197, 655421, 684223, 346307, 785628, 351925, 486901, 
753141, 296647, 173829, 290418, 619969, 48937, 358075, 217170, 187023, 239088, 886357, 342373, 124276, 226874, 271709, 979710, 213938, 127437, 657891, 496582, 898427, 624059, 607768, 586839, 830806, 474829, 741878, 424756, 908925, 572695, 338957, 
144634, 610967, 691284, 73828, 39900, 700040, 93369, 164328, 234677, 156082, 996397